-0.868611, -2.179123, -1.000000
-2.222103, 0.444126, -1.000000
-0.214936, -3.124933, -1.000000
-1.382658, -2.011259, -1.000000
2.325710, -1.960918, -1.000000
-0.454474, -0.309225, -1.000000
1.075372, 2.192556, 1.000000
1.456537, -2.298510, -1.000000
-1.234798, 1.634134, 1.000000
-0.734433, 1.769783, 1.000000
0.956770, 2.481592, 1.000000
1.435807, -1.726664, -1.000000
-2.402402, 3.077966, 1.000000
-1.576379, -0.775343, -1.000000
2.327368, 1.695903, 1.000000
-0.712662, -0.953062, -1.000000
0.305501, -4.440087, -1.000000
-0.865380, -0.278282, -1.000000
3.253589, -0.839697, 1.000000
0.984697, -2.706020, -1.000000
-1.105891, -0.961301, -1.000000
3.653155, 0.633887, 1.000000
0.600737, 3.228452, 1.000000
0.186979, 4.549543, 1.000000
-0.836374, 0.164202, -1.000000
-1.429952, 1.264081, 1.000000
-2.222769, 0.178345, -1.000000
0.722730, 3.085739, 1.000000
-2.494432, -0.534965, -1.000000
1.490805, -3.727121, -1.000000
0.512972, -0.761521, -1.000000
0.763264, 3.015296, 1.000000
2.481903, -0.878804, 1.000000
0.393758, 3.114346, 1.000000
-3.866632, -2.360887, -1.000000
-1.547890, 4.366156, 1.000000
-1.233726, -1.177968, -1.000000
1.058501, -1.470475, -1.000000
1.906352, -3.241611, -1.000000
-1.902992, 1.571103, 1.000000
-0.445378, -3.848650, -1.000000
1.272143, 1.086087, 1.000000
-2.006720, 1.070457, 1.000000
2.229657, 0.325441, 1.000000
1.656105, 0.376568, 1.000000
1.650043, -4.224776, -1.000000
3.909884, -0.589085, 1.000000
0.353284, -2.664493, -1.000000
-1.923162, -0.598633, -1.000000
1.243812, 1.097333, 1.000000
-1.650823, -0.615524, -1.000000
-0.855359, -1.632561, -1.000000
0.800579, -0.463553, 1.000000
-1.268426, 1.640005, 1.000000
0.474811, -0.896273, -1.000000
-4.850454, -0.204639, -1.000000
1.664328, -3.246641, -1.000000
2.426125, -1.410106, 1.000000
-0.479604, -0.612038, -1.000000
-0.187995, 0.284921, 1.000000
0.725468, -0.856491, -1.000000
3.660222, 2.961939, 1.000000
0.346269, -1.079203, -1.000000
0.700925, 3.327816, 1.000000
-2.761211, -5.313439, -1.000000
2.385133, 0.841036, 1.000000
0.142854, 1.508612, 1.000000
-1.506988, 1.854284, 1.000000
-4.175953, 3.349629, 1.000000
0.372078, 1.473169, 1.000000
1.975577, 1.941124, 1.000000
0.024416, 0.485893, 1.000000
-2.339346, 2.503361, 1.000000
-1.274803, -3.507521, -1.000000
-3.018764, -2.625982, -1.000000
1.622963, -1.288556, 1.000000
1.098620, -2.739939, -1.000000
-0.785604, -2.148236, -1.000000
-2.621143, 0.061094, -1.000000
-0.032358, -1.633465, -1.000000
0.856425, 1.886893, 1.000000
1.376266, -1.520106, -1.000000
-0.644744, 2.788881, 1.000000
1.774117, -0.412479, 1.000000
-0.370133, 0.732669, 1.000000
-0.782242, -1.594727, -1.000000
-2.611943, 1.349897, -1.000000
-1.265348, 1.648152, 1.000000
-3.277328, 1.807101, -1.000000
-1.228689, 2.662102, 1.000000
-2.108913, 2.716919, 1.000000
-0.885946, 1.756493, 1.000000
0.564251, -3.124991, -1.000000
-0.686062, 0.711813, 1.000000
1.606692, 1.606356, 1.000000
-0.758985, 3.050411, 1.000000
2.704363, -2.437259, -1.000000
1.114741, 0.058911, 1.000000
-2.304584, 4.530903, 1.000000
1.263326, -5.049173, -1.000000
0.451357, 0.569041, 1.000000
-0.001640, 1.534780, 1.000000
0.377324, 0.297530, 1.000000
2.467009, -2.520365, -1.000000
-4.429887, -1.979936, -1.000000
-1.916307, -2.218318, -1.000000
5.204852, -0.494544, 1.000000
-1.613945, -1.009632, -1.000000
-0.394835, 0.473398, 1.000000
2.356042, -1.481630, 1.000000
0.959225, 1.633549, 1.000000
1.828663, 1.467349, 1.000000
1.592895, 0.114343, 1.000000
-3.433109, 1.094897, -1.000000
-2.835449, -3.916759, -1.000000
0.325960, -2.380000, -1.000000
1.149835, -1.676175, -1.000000
-2.164367, -2.158025, -1.000000
3.363765, -0.773167, 1.000000
-0.685965, 0.150086, 1.000000
-1.070582, -0.117930, -1.000000
-0.333309, -2.200505, -1.000000
3.316330, 1.563866, 1.000000
2.254931, -1.842284, -1.000000
0.781155, -3.212765, -1.000000
1.068318, -4.416328, -1.000000
-1.825919, -1.551639, -1.000000
0.042279, 2.228594, 1.000000
-3.490801, -2.513576, -1.000000
0.804169, 3.864983, 1.000000
-0.319396, -0.697347, -1.000000
-0.320065, -0.605449, -1.000000
-2.073094, 3.515575, 1.000000
1.944398, -1.327761, 1.000000
1.826601, -1.711751, -1.000000
-1.069235, -1.324485, -1.000000
-0.514639, 0.491726, 1.000000
-2.038641, 0.048956, -1.000000
0.710193, -2.556310, -1.000000
2.252826, -2.340349, -1.000000
2.277561, 1.114556, 1.000000
-3.379997, 0.125831, -1.000000
-2.956510, -0.619430, -1.000000
0.242839, 2.720190, 1.000000
0.356126, -0.766823, -1.000000
-0.580592, -1.993183, -1.000000
2.274964, -2.475625, -1.000000
-1.486960, 0.185045, -1.000000
-1.284645, 0.964970, 1.000000
-0.088563, 0.814556, 1.000000
-4.518901, 1.304686, -1.000000
1.047269, -1.623923, -1.000000
1.789858, 1.668418, 1.000000
0.293569, -0.564100, -1.000000
-1.689032, 3.773032, 1.000000
-0.038089, 1.447439, 1.000000
2.016170, -0.641192, 1.000000
-3.404354, -0.483145, -1.000000
-1.649759, -1.799837, -1.000000
3.135568, -1.089762, 1.000000
0.107744, -1.096348, -1.000000
-4.328919, 1.613428, -1.000000
-2.295291, -0.758948, -1.000000
0.949137, 3.732401, 1.000000
2.129387, -0.190065, 1.000000
3.292390, 0.838718, 1.000000
-4.256226, -1.104720, -1.000000
3.036486, 2.282417, 1.000000
-1.275396, 2.732204, 1.000000
-1.198355, -0.111128, -1.000000
-2.665890, 1.504149, 1.000000
-2.621943, 0.184693, -1.000000
-1.350813, 0.633774, 1.000000
-2.420457, -0.273448, -1.000000
3.305434, -2.295924, 1.000000
-2.000248, 0.115214, -1.000000
-1.116483, 0.089652, -1.000000
2.132250, 2.599778, 1.000000
-2.313526, -1.559884, -1.000000
1.613236, -0.117831, 1.000000
3.830291, -0.459216, 1.000000
-0.968041, 2.799951, 1.000000
1.331227, -3.035078, -1.000000
-2.801027, -1.537063, -1.000000
-3.272881, 1.867759, 1.000000
-4.294191, 0.953939, -1.000000
0.334603, -2.053634, -1.000000
-3.143721, -0.950474, -1.000000
1.999069, 3.222747, 1.000000
-1.060634, 1.140057, 1.000000
-2.953698, -1.184320, -1.000000
-3.588306, 2.156423, 1.000000
0.577520, 0.840814, 1.000000
-2.193212, 1.568472, 1.000000
0.543142, 1.207877, 1.000000
4.032357, -1.043196, 1.000000
1.932840, 0.218122, 1.000000
-3.989268, -1.487633, -1.000000
-0.007784, 1.267885, 1.000000
1.712104, 0.647972, 1.000000
0.839290, -1.809304, -1.000000
4.163111, 0.020483, 1.000000
0.817561, 1.174432, 1.000000
-1.328549, 0.347302, -1.000000
-0.924832, 2.542835, 1.000000
-1.679212, -0.179423, -1.000000
-1.495330, -0.979014, -1.000000
-5.320125, -0.274263, -1.000000
0.628384, 1.231893, 1.000000
1.300879, 0.333653, 1.000000
-0.519441, -0.044708, -1.000000
2.777572, -1.096455, 1.000000
-3.609480, 1.408913, -1.000000
-1.237973, 2.343229, 1.000000
-0.858846, -0.016614, -1.000000
-1.178821, -2.974208, -1.000000
0.850060, 0.927891, 1.000000
0.293497, -0.050154, 1.000000
-0.779805, 0.666886, 1.000000
1.746086, -1.958435, -1.000000
2.028025, 0.073358, 1.000000
-2.692443, 3.926546, 1.000000
-0.378520, -1.245378, -1.000000
2.610589, -0.563439, 1.000000
-2.285273, -4.535187, -1.000000
2.419146, -2.116372, -1.000000
-5.804426, 0.596058, -1.000000
2.198730, 2.067263, 1.000000
3.738979, -0.379033, 1.000000
1.228782, -0.242314, 1.000000
-2.183678, 5.480991, 1.000000
-0.627148, -1.284939, -1.000000
1.665928, 0.205857, 1.000000
2.034341, -2.361394, -1.000000
-2.068960, 0.344012, -1.000000
1.911684, 0.254672, 1.000000
-0.613501, 2.239882, 1.000000
0.632466, -0.307658, 1.000000
0.877401, -1.014010, -1.000000
1.681094, 1.287109, 1.000000
0.977694, -0.826483, 1.000000
-0.267015, 0.136256, 1.000000
-0.760559, -0.398410, -1.000000
1.836295, -2.806792, -1.000000
-2.019867, 2.191776, 1.000000
-2.855215, 1.385732, -1.000000
-0.673511, -0.257991, -1.000000
-3.693103, -2.405185, -1.000000
3.205378, -2.002982, 1.000000
-4.638919, -0.933893, -1.000000
-1.524115, 1.343266, 1.000000
-2.478511, 1.979214, 1.000000
-0.442661, 3.372812, 1.000000
1.309075, 1.340602, 1.000000
-0.387499, -3.419054, -1.000000
3.618687, 2.074506, 1.000000
1.330056, 1.270845, 1.000000
-3.840905, 2.110069, -1.000000
-4.935049, 0.329340, -1.000000
-1.290635, -1.662801, -1.000000
1.176524, -2.732968, -1.000000
1.784031, 0.199513, 1.000000
-0.976449, 1.017059, 1.000000
1.670190, 0.118576, 1.000000
-1.646069, -1.247997, -1.000000
0.397563, 2.888114, 1.000000
5.026673, -1.675407, 1.000000
2.241821, 0.015918, 1.000000
-2.158107, -0.285728, -1.000000
1.147161, -1.194956, -1.000000
-2.735810, -2.760600, -1.000000
1.682798, 1.000045, 1.000000
1.420176, 0.890310, 1.000000
0.587439, 2.274252, 1.000000
2.905221, -1.314332, 1.000000
-0.301618, -1.265063, -1.000000
0.575058, 1.898315, 1.000000
0.402286, 2.760308, 1.000000
-0.989774, -0.897057, -1.000000
-1.595036, 1.520245, 1.000000
-2.116228, -1.502469, -1.000000
-0.432669, 1.292982, 1.000000
1.536727, 1.275184, 1.000000
-0.391511, -3.349268, -1.000000
-0.784771, 0.898257, 1.000000
2.857781, 1.490536, 1.000000
-1.385293, 3.540719, 1.000000
-1.670570, 2.244775, 1.000000
-0.867472, -3.148658, -1.000000
0.633421, 2.193931, 1.000000
0.598038, -0.537312, 1.000000
0.358061, 0.261930, 1.000000
1.231713, -0.724311, 1.000000
-0.532095, 0.880679, 1.000000
-0.937185, -1.084263, -1.000000
-3.839322, 0.956832, -1.000000
-1.550938, 1.138634, 1.000000
-3.130209, 1.719066, -1.000000
1.496316, 0.236498, 1.000000
-0.662393, -2.502563, -1.000000
-0.392841, 0.227129, 1.000000
0.071815, -0.560003, -1.000000
-2.222732, -2.478945, -1.000000
0.107166, -5.205676, -1.000000
-0.893042, 1.062862, 1.000000
-3.038959, 0.647647, -1.000000
-0.774932, -1.843036, -1.000000
1.362781, -3.962894, -1.000000
0.784466, -1.030780, -1.000000
0.435979, 1.232025, 1.000000
-1.176628, 1.783757, 1.000000
2.191136, -1.800345, -1.000000
-1.905644, 0.251191, -1.000000
0.604760, 1.762020, 1.000000
-0.396268, 3.791852, 1.000000
1.510862, -1.841260, -1.000000
1.339426, -3.904139, -1.000000
-2.293716, -1.085513, -1.000000
0.735194, -0.652916, 1.000000
1.024244, -3.152528, -1.000000
3.860557, 2.377287, 1.000000
-0.425237, -0.149828, -1.000000
1.570785, -0.804578, 1.000000
4.359621, 0.851429, 1.000000
-1.716868, 1.351118, 1.000000
0.591749, 1.559037, 1.000000
-0.140894, 3.687182, 1.000000
0.697951, 1.321178, 1.000000
1.484048, -1.283156, 1.000000
-2.475747, -0.411164, -1.000000
0.021249, 2.291800, 1.000000
-1.095538, 1.836734, 1.000000
2.209286, 0.249746, 1.000000
-1.084424, -0.437648, -1.000000
-0.081738, -4.574246, -1.000000
0.830770, -0.907189, -1.000000
-1.287890, 1.073206, 1.000000
0.845727, 1.554730, 1.000000
0.856316, 3.039934, 1.000000
-2.978450, -0.724537, -1.000000
5.359998, -1.113750, 1.000000
-0.302305, -0.076093, 1.000000
4.762883, 2.753583, 1.000000
-0.440588, -0.329597, -1.000000
-2.430506, -0.377350, -1.000000
0.978947, -4.598025, -1.000000
2.913054, 1.648100, 1.000000
1.661807, 1.964860, 1.000000
-2.976485, 1.948284, 1.000000
0.251784, 0.041109, 1.000000
-0.565048, -1.066136, -1.000000
2.337735, -0.096568, 1.000000
-2.410784, -0.150934, -1.000000
-1.085854, 1.220941, 1.000000
1.817330, -2.702808, -1.000000
0.823306, 0.865540, 1.000000
-2.458891, -3.498313, -1.000000
-4.039380, -1.634842, -1.000000
-1.404902, 3.000188, 1.000000
1.418782, 0.663655, 1.000000
1.967693, 1.231708, 1.000000
-0.687914, 0.594034, 1.000000
0.378225, 0.456634, 1.000000
1.514918, -0.885190, 1.000000
0.860679, -2.294535, -1.000000
1.087263, -0.977462, 1.000000
0.541030, 0.044912, 1.000000
-0.471955, 4.267903, 1.000000
-4.377900, 4.041969, 1.000000
0.880203, 1.673676, 1.000000
0.745110, 2.539586, 1.000000
-0.107964, 3.348590, 1.000000
-2.270229, 0.898533, -1.000000
0.910865, 0.080057, 1.000000
2.795108, 1.802413, 1.000000
-1.020598, 0.570568, 1.000000
0.555905, -0.270457, 1.000000
0.068646, -2.798476, -1.000000
1.217586, -2.167603, -1.000000
0.549029, 2.937527, 1.000000
-0.833825, 1.753961, 1.000000
0.341919, -3.131729, -1.000000
0.031017, 1.578273, 1.000000
-0.205166, 1.703494, 1.000000
2.280839, 0.329561, 1.000000
2.112353, -0.061236, 1.000000
0.743762, -2.905249, -1.000000
-0.182218, -2.770565, -1.000000
-0.412506, 3.573195, 1.000000
-2.199333, 0.745271, -1.000000
-0.185447, -0.676333, -1.000000
-0.571329, -4.993633, -1.000000
-1.164746, -1.197543, -1.000000
-2.666164, -0.289243, -1.000000
-2.453038, -0.063036, -1.000000
-2.253872, 0.080448, -1.000000
1.830263, 3.531962, 1.000000
2.132305, -1.752502, 1.000000
0.668328, 0.344036, 1.000000
-0.894337, 0.696077, 1.000000
-2.086092, 0.536754, -1.000000
-3.947059, 1.231789, -1.000000
-0.148917, -0.681678, -1.000000
-1.727088, -1.501706, -1.000000
-1.328512, -3.066827, -1.000000
4.053844, -3.272371, -1.000000
-0.729642, -1.699724, -1.000000
1.033491, -0.005962, 1.000000
-0.393417, 0.476921, 1.000000
1.006274, 2.490745, 1.000000
-3.342294, -0.927555, -1.000000
-1.337721, -3.408258, -1.000000
0.280678, -1.578417, -1.000000
2.319083, 0.576017, 1.000000
-1.366359, -2.260768, -1.000000
0.417999, 1.631422, 1.000000
-0.704283, -1.483030, -1.000000
-0.296585, -0.092619, 1.000000
-2.366961, 0.792617, -1.000000
-2.686616, -1.546171, -1.000000
-4.398165, 0.983007, -1.000000
0.613418, -0.596668, 1.000000
1.473600, 2.137735, 1.000000
0.901065, -0.006223, 1.000000
-2.262102, 1.378632, 1.000000
-2.228408, 0.093799, -1.000000
3.766883, -3.692243, -1.000000
-1.841652, -1.657525, -1.000000
-2.472994, -0.945476, -1.000000
1.278123, -1.300917, -1.000000
0.863045, -0.219108, 1.000000
0.247017, 0.588489, 1.000000
-0.024999, -1.340741, -1.000000
-1.279709, -0.323308, -1.000000
-0.887713, 1.425802, 1.000000
2.697059, -0.819049, 1.000000
-0.194295, 1.207550, 1.000000
2.716380, 0.841911, 1.000000
0.251258, 3.024861, 1.000000
-0.498314, -1.159079, -1.000000
0.560729, -0.559914, 1.000000
-0.410873, -1.263012, -1.000000
-0.975054, 1.119085, 1.000000
-0.832189, -0.256077, -1.000000
0.943582, 0.169383, 1.000000
3.037443, -0.247766, 1.000000
2.327055, 1.558258, 1.000000
4.027217, 1.379279, 1.000000
-0.803916, -0.419318, -1.000000
1.042843, -0.987015, 1.000000
0.039833, 0.194248, 1.000000
-1.461343, -1.556151, -1.000000
2.213449, 1.106426, 1.000000
0.899239, 0.128262, 1.000000
-0.529789, -2.292411, -1.000000
0.394992, -1.440554, -1.000000
-0.843436, -2.466927, -1.000000
1.532343, -0.127811, 1.000000
0.397799, 1.263679, 1.000000
2.642381, -3.153418, -1.000000
1.415306, 3.008450, 1.000000
-4.101785, 0.577383, -1.000000
1.179771, 3.563018, 1.000000
2.335798, 0.547616, 1.000000
0.645527, -0.783432, -1.000000
-0.155495, 1.221324, 1.000000
-0.919303, 1.934258, 1.000000
-2.208347, 0.964207, -1.000000
1.552694, -0.911408, 1.000000
2.928265, -2.270290, 1.000000
-0.192586, -2.731211, -1.000000
-0.047064, -0.412179, -1.000000
-2.137995, -0.580213, -1.000000
0.299379, 0.254390, 1.000000
-2.754805, 3.261993, 1.000000
0.872507, -1.433984, -1.000000
0.156133, 5.427646, 1.000000
-1.257183, 0.974398, 1.000000
0.704276, -2.421110, -1.000000
2.961100, 1.981816, 1.000000
0.078641, 1.919939, 1.000000
1.427889, 0.919565, 1.000000
-1.893798, 0.507097, -1.000000
1.560453, -2.128301, -1.000000
-1.745016, -2.325048, -1.000000
1.425223, -4.352306, -1.000000
-0.389010, 2.178057, 1.000000
-2.973156, 0.159571, -1.000000
2.343923, -1.958367, -1.000000
-0.530256, -1.776418, -1.000000
-1.322242, -1.234375, -1.000000
-1.281649, -2.413075, -1.000000
-2.205087, -2.041665, -1.000000
-2.004230, 1.938747, 1.000000
-2.226523, 0.037470, -1.000000
1.085134, 1.595751, 1.000000
1.344195, 2.455741, 1.000000
-0.552358, 2.878723, 1.000000
3.064857, 2.502911, 1.000000
-0.645839, -1.241291, -1.000000
-1.451333, -4.024463, -1.000000
-2.197090, 0.272810, -1.000000
0.031723, 2.096384, 1.000000
-0.260652, -0.356492, -1.000000
0.349993, 0.163924, 1.000000
2.161808, 2.413603, 1.000000
2.070465, -2.816520, -1.000000
-0.071179, -1.091309, -1.000000
2.001648, 2.086938, 1.000000
0.157201, 0.184214, 1.000000
-2.233342, 1.459734, 1.000000
2.695881, -1.380260, 1.000000
-2.299658, 5.866784, 1.000000
-2.292616, 0.505047, -1.000000
0.719244, -4.331681, -1.000000
-0.188620, -0.741609, -1.000000
-1.738150, 1.247253, 1.000000
1.801301, -1.502630, 1.000000
-1.767383, 0.778205, -1.000000
-3.577424, -3.749970, -1.000000
3.302990, 0.981327, 1.000000
2.835259, -3.428849, -1.000000
-0.060259, 1.487634, 1.000000
-1.633057, 0.581900, -1.000000
0.986353, 1.877064, 1.000000
1.952601, 0.476944, 1.000000
0.951265, -1.999232, -1.000000
2.195794, 0.313466, 1.000000
-0.064676, 0.562282, 1.000000
1.721596, -1.701538, -1.000000
-1.621322, -0.583208, -1.000000
1.374943, 2.039731, 1.000000
-1.479035, -1.526893, -1.000000
-1.081584, -0.914980, -1.000000
0.825100, -3.214026, -1.000000
1.251423, -2.992499, -1.000000
-0.790299, 1.248422, 1.000000
2.770229, 2.590232, 1.000000
1.594645, -2.824636, -1.000000
-2.027731, 0.104987, -1.000000
4.222304, 0.860433, 1.000000
0.466996, -0.166727, 1.000000
1.442069, 0.459054, 1.000000
0.041612, -0.789065, -1.000000
0.343076, 3.494431, 1.000000
0.711735, -2.189677, -1.000000
2.635142, -3.227424, -1.000000
1.661393, -2.577895, -1.000000
2.616037, -1.387659, 1.000000
0.537887, 2.594971, 1.000000
-0.556526, 1.137040, 1.000000
1.413322, -0.062465, 1.000000
-0.377603, 1.013992, 1.000000
-1.683821, 2.848555, 1.000000
-1.629866, -2.524449, -1.000000
0.346620, 0.839989, 1.000000
1.919027, -3.273219, -1.000000
-1.709895, 1.837814, 1.000000
0.877949, 0.528975, 1.000000
-1.289138, 0.688349, 1.000000
2.825126, -1.115710, 1.000000
-0.049822, 1.118750, 1.000000
1.388316, -1.897000, -1.000000
-2.182364, -1.413574, -1.000000
-2.726743, -0.927859, -1.000000
0.914101, -2.238434, -1.000000
-3.721956, -0.631856, -1.000000
0.487925, -1.346327, -1.000000
3.154328, -0.108361, 1.000000
0.630354, 2.345713, 1.000000
0.125698, 4.256440, 1.000000
-0.748937, -0.350522, -1.000000
2.180224, -0.691418, 1.000000
-2.052037, 3.468110, 1.000000
-2.979432, 0.989029, -1.000000
-1.017214, -1.856467, -1.000000
3.420943, 3.111082, 1.000000
3.107737, 0.889758, 1.000000
1.138657, 0.896781, 1.000000
-3.295356, 0.945827, -1.000000
-2.160144, -3.692335, -1.000000
-0.073944, 0.666909, 1.000000
-0.696719, -0.543261, -1.000000
0.369990, 2.240475, 1.000000
-1.735708, -1.228328, -1.000000
-2.058632, 1.191653, 1.000000
2.249628, 1.990708, 1.000000
1.085006, -0.226404, 1.000000
-0.711289, 0.117904, -1.000000
-1.440843, -1.074111, -1.000000
0.978411, -1.344002, -1.000000
0.901139, -1.865685, -1.000000
2.862786, 0.791075, 1.000000
2.461479, 2.355937, 1.000000
-0.834206, 0.158886, -1.000000
-0.897314, 2.120461, 1.000000
0.725586, 0.938690, 1.000000
0.994376, 4.062819, 1.000000
2.132362, 0.876432, 1.000000
4.086193, 2.246067, 1.000000
7.065847, -0.644070, 1.000000
0.441004, -1.082003, -1.000000
-0.907069, 1.360048, 1.000000
-0.585952, -2.363073, -1.000000
2.966384, 1.365601, 1.000000
-1.701402, -0.180722, -1.000000
-1.806306, 1.307302, 1.000000
2.850919, 1.576368, 1.000000
2.000896, 0.505395, 1.000000
-1.726319, -2.033444, -1.000000
-0.919644, 0.875549, 1.000000
1.613747, 0.748455, 1.000000
0.605793, 3.308903, 1.000000
2.151341, -1.845138, -1.000000
-0.730918, 2.537586, 1.000000
-0.933864, 3.277990, 1.000000
-0.973289, -0.260775, -1.000000
0.126617, 2.830932, 1.000000
-0.597016, -3.299750, -1.000000
0.152523, -0.356876, 1.000000
-0.610921, -0.429694, -1.000000
0.151439, -0.214761, 1.000000
-0.872197, -0.750467, -1.000000
2.060681, -0.460207, 1.000000
3.615951, 0.117108, 1.000000
-4.690110, 2.021368, -1.000000
-2.523175, 2.854142, 1.000000
0.864262, -1.821207, -1.000000
0.036593, -1.459725, -1.000000
-2.415903, -0.311460, -1.000000
-4.515619, -1.497903, -1.000000
0.218669, -2.549579, -1.000000
-0.786502, -3.061515, -1.000000
-0.667157, 3.343548, 1.000000
-1.625717, 4.367144, 1.000000
0.371351, -2.686624, -1.000000
0.476037, -2.566195, -1.000000
0.757707, -5.989331, -1.000000
-0.241990, 1.049551, 1.000000
0.405456, -0.923826, -1.000000
-2.433240, 2.627732, 1.000000
0.593940, -2.426164, -1.000000
-2.161099, 0.042278, -1.000000
-1.371129, 0.590551, 1.000000
2.820134, -0.812578, 1.000000
-1.717227, 1.716350, 1.000000
-0.342660, 0.975675, 1.000000
2.399436, 3.242684, 1.000000
1.443553, -0.416444, 1.000000
0.528954, -2.132754, -1.000000
3.794245, -3.070115, -1.000000
1.667279, -1.471069, -1.000000
3.552787, -1.680733, 1.000000
-0.110211, -0.664376, -1.000000
-3.038701, -1.244999, -1.000000
-2.296239, 2.515243, 1.000000
-3.354143, -1.383890, -1.000000
3.690369, -0.219896, 1.000000
3.950969, 0.213204, 1.000000
0.557010, -0.103599, 1.000000
-1.678378, 2.369118, 1.000000
2.635854, 0.463390, 1.000000
-1.532323, -1.102892, -1.000000
0.862570, 3.059998, 1.000000
-1.037453, -3.472663, -1.000000
0.615499, 0.548641, 1.000000
0.482480, 1.365072, 1.000000
4.317769, 0.383508, 1.000000
0.061889, 2.350247, 1.000000
-0.568929, 1.665695, 1.000000
-0.880943, 2.220792, 1.000000
1.673660, 0.496978, 1.000000
1.405058, -1.494616, -1.000000
-2.886676, -0.225704, -1.000000
-0.228520, 0.772278, 1.000000
-0.865596, 0.410153, 1.000000
-0.730098, 2.049906, 1.000000
-1.732742, 1.182656, 1.000000
1.679718, 1.339511, 1.000000
-0.777051, 2.071083, 1.000000
1.874899, -1.210449, 1.000000
0.896611, -1.782173, -1.000000
3.295936, 2.422709, 1.000000
2.845186, -0.793958, 1.000000
-0.955457, -2.367080, -1.000000
0.107210, 0.061500, 1.000000
0.770358, 1.060744, 1.000000
0.473834, 0.629913, 1.000000
-1.174911, 1.784904, 1.000000
-0.511713, 2.451365, 1.000000
-0.193968, -0.649217, -1.000000
-3.000790, -0.363419, -1.000000
4.889332, 0.566008, 1.000000
-0.706365, -1.580154, -1.000000
2.567111, -0.253611, 1.000000
-0.494397, -1.375106, -1.000000
-0.624509, 1.809057, 1.000000
-1.228671, 1.784619, 1.000000
-1.415559, 0.550296, -1.000000
-1.103165, 3.494080, 1.000000
3.124589, -2.102527, 1.000000
2.081708, 1.446132, 1.000000
-1.075466, 1.596528, 1.000000
-0.053601, 1.262434, 1.000000
-0.714800, -2.049670, -1.000000
-2.439163, 2.673163, 1.000000
-1.667232, -0.397880, -1.000000
0.653214, 1.281082, 1.000000
3.062352, -0.732033, 1.000000
-1.596166, -0.902761, -1.000000
0.326950, 0.328649, 1.000000
0.916992, -0.376775, 1.000000
-0.946777, 4.370245, 1.000000
-2.454631, -3.144242, -1.000000
3.320977, 1.321811, 1.000000
1.680049, 0.880541, 1.000000
1.747411, -0.326840, 1.000000
-1.659009, -1.614008, -1.000000
1.711278, 2.446953, 1.000000
3.669118, 0.060099, 1.000000
-0.244313, -3.663278, -1.000000
-4.933725, 0.267049, -1.000000
2.775869, 2.536419, 1.000000
1.846586, -0.868611, 1.000000
-0.095020, 1.608555, 1.000000
0.664923, 0.299959, 1.000000
2.068505, -0.966260, 1.000000
1.658913, 1.909494, 1.000000
1.121803, 0.907876, 1.000000
0.530509, -3.324686, -1.000000
-1.020224, -1.097371, -1.000000
2.664801, 0.071484, 1.000000
0.299043, -2.475902, -1.000000
-0.309091, -2.757026, -1.000000
1.618554, -0.508797, 1.000000
1.488116, -2.137495, -1.000000
-3.145751, -0.129109, -1.000000
-3.224314, -1.001200, -1.000000
-3.902014, 4.646797, 1.000000
-1.763653, -1.118831, -1.000000
0.164818, 2.046189, 1.000000
0.267311, -2.440403, -1.000000
1.693439, 1.785594, 1.000000
-0.040319, -0.216831, 1.000000
1.781387, -1.057760, 1.000000
-3.007423, -0.875740, -1.000000
3.038598, -1.024676, 1.000000
3.570235, -3.064624, -1.000000
0.351900, -0.811932, -1.000000
-4.185039, 3.348491, 1.000000
3.670291, 1.632393, 1.000000
0.072556, -0.935548, -1.000000
-0.752981, -2.150718, -1.000000
-3.084831, -1.375209, -1.000000
1.019882, -3.283496, -1.000000
1.594442, -0.205644, 1.000000
-1.054306, -3.763959, -1.000000
-2.632015, -0.628542, -1.000000
0.320441, -0.609074, -1.000000
-1.724890, 1.487222, 1.000000
-2.253177, 2.140678, 1.000000
0.615609, 2.472391, 1.000000
-2.111654, -1.867368, -1.000000
-0.970750, 0.748542, 1.000000
-0.773776, 1.168852, 1.000000
0.502253, -3.504150, -1.000000
-4.262034, 0.823796, -1.000000
-0.138455, -1.556460, -1.000000
2.680025, 2.049581, 1.000000
2.762585, -1.229948, 1.000000
0.843640, 0.634083, 1.000000
-0.984751, -1.438824, -1.000000
-1.343008, 1.234891, 1.000000
0.938242, 2.383290, 1.000000
1.834955, -0.819154, 1.000000
2.006117, 1.956989, 1.000000
-1.052716, -1.651957, -1.000000
-0.408255, -2.134492, -1.000000
2.816317, -2.719879, -1.000000
-4.050541, -0.421701, -1.000000
0.038334, 2.611534, 1.000000
-1.895226, -0.636737, -1.000000
2.258708, -2.184925, -1.000000
0.380550, -0.266407, 1.000000
1.176487, -4.210594, -1.000000
-3.311818, 1.527450, -1.000000
-0.174965, 1.391011, 1.000000
-0.857415, 0.304973, 1.000000
1.512639, -1.774912, -1.000000
-1.415979, 1.055304, 1.000000
-1.309107, 1.920091, 1.000000
-1.766165, -0.250975, -1.000000
3.227265, 1.005145, 1.000000
-0.599254, 0.469248, 1.000000
3.057055, 1.628015, 1.000000
-0.492673, 3.805614, 1.000000
0.080445, 0.795316, 1.000000
0.995436, -2.421935, -1.000000
-1.808436, -0.102561, -1.000000
-2.404166, 0.433036, -1.000000
-1.612028, 4.381187, 1.000000
1.471326, -2.665443, -1.000000
-1.764532, -2.224531, -1.000000
1.229375, 2.364323, 1.000000
2.055613, 1.892570, 1.000000
-3.999507, -2.618680, -1.000000
-3.103330, -2.255581, -1.000000
0.151211, -2.016612, -1.000000
0.643612, 1.259535, 1.000000
4.141730, -0.509363, 1.000000
1.417893, 3.730858, 1.000000
-0.065083, -1.769295, -1.000000
-2.744412, -3.128646, -1.000000
0.262187, -0.585040, -1.000000
0.905374, 0.060756, 1.000000
-2.414451, 1.417649, 1.000000
2.261175, -0.567139, 1.000000
-0.493724, -1.802317, -1.000000
0.972148, 2.253434, 1.000000
-0.968373, 1.238511, 1.000000
-0.547024, 0.436629, 1.000000
1.696364, -0.492735, 1.000000
1.104040, 1.007154, 1.000000
-0.221312, -2.717803, -1.000000
-2.487336, -0.927790, -1.000000
3.311050, 4.232237, 1.000000
-2.432121, -0.811863, -1.000000
0.570063, -1.141054, -1.000000
-0.452191, -0.622195, -1.000000
-2.905447, 2.653298, 1.000000
-1.582258, 0.044204, -1.000000
2.502643, -1.666669, 1.000000
1.039591, 5.129507, 1.000000
-0.634482, 1.794781, 1.000000
0.253065, 1.495982, 1.000000
0.448676, 1.776657, 1.000000
-2.701604, 2.165749, 1.000000
-2.290366, -2.861670, -1.000000
-1.148893, -0.803673, -1.000000
-0.838040, 0.130102, -1.000000
-2.235071, 2.376786, 1.000000
0.862903, -4.448545, -1.000000
-1.423514, -0.953152, -1.000000
-2.511677, 1.476870, 1.000000
-2.060762, -1.176501, -1.000000
-1.918878, 1.207555, 1.000000
-4.478737, -1.153133, -1.000000
-1.385427, -2.622616, -1.000000
-0.985576, 1.486409, 1.000000
0.049303, -2.325944, -1.000000
-2.959648, 1.840615, 1.000000
1.578296, -3.235901, -1.000000
1.956898, 4.443890, 1.000000
0.891973, 0.730420, 1.000000
-2.284193, 0.082815, -1.000000
0.732004, -0.123757, 1.000000
-0.734931, -5.746602, -1.000000
2.259862, -0.694051, 1.000000
-1.974008, -2.351477, -1.000000
-0.397043, -2.531859, -1.000000
1.963584, 1.351071, 1.000000
0.358648, -1.295664, -1.000000
2.406626, -4.275800, -1.000000
-0.681694, -1.816009, -1.000000
0.091198, -2.226725, -1.000000
0.381227, 2.871704, 1.000000
-0.648417, -0.569913, -1.000000
-1.338193, -0.139859, -1.000000
3.171926, 1.173039, 1.000000
-0.557561, -2.387081, -1.000000
0.382163, 2.452679, 1.000000
1.100202, 0.754236, 1.000000
-1.718874, -1.569421, -1.000000
1.281038, 1.515328, 1.000000
-1.961581, 2.191948, 1.000000
0.760176, -2.414033, -1.000000
-0.319624, 2.082747, 1.000000
3.574650, 1.788349, 1.000000
-0.136044, 1.013334, 1.000000
-0.203307, 0.835645, 1.000000
-0.731828, -0.792833, -1.000000
3.363161, 2.043131, 1.000000
-2.328118, 0.568080, -1.000000
0.482781, 1.194871, 1.000000
-0.296293, 0.209092, 1.000000
-1.491812, 2.079252, 1.000000
0.054718, -0.356423, 1.000000
-1.075402, 4.253877, 1.000000
-1.582484, -1.250020, -1.000000
-1.954225, -2.522605, -1.000000
-1.917444, 0.374410, -1.000000
0.668496, -3.523130, -1.000000
-3.225256, 4.291567, 1.000000
-3.820036, 0.172276, -1.000000
0.438710, 1.387300, 1.000000
-2.593541, 0.228956, -1.000000
0.466218, -0.158810, 1.000000
-0.511913, -0.968352, -1.000000
-1.075774, -1.765855, -1.000000
-1.891137, 0.389294, -1.000000
1.543626, 1.084071, 1.000000
2.089062, 4.730573, 1.000000
-1.313352, 2.303339, 1.000000
-1.163918, -2.103510, -1.000000
-0.937102, -0.906895, -1.000000
1.271249, 3.007837, 1.000000
-2.058503, 2.222153, 1.000000
1.471134, 0.595558, 1.000000
-2.569540, 3.177835, 1.000000
3.493847, -1.354386, 1.000000
2.937032, 0.738375, 1.000000
-0.662340, -3.867956, -1.000000
1.034809, -1.972145, -1.000000
-1.631305, 1.685896, 1.000000
-2.810618, -2.332171, -1.000000
0.807611, -0.017310, 1.000000
0.764417, 1.555342, 1.000000
0.209505, -3.234944, -1.000000
0.028344, -2.308418, -1.000000
-0.627328, -0.028685, -1.000000
2.034455, -2.948573, -1.000000
3.446535, 0.019291, 1.000000
2.199086, 1.833236, 1.000000
2.905396, 2.010068, 1.000000
0.406141, -3.919531, -1.000000
0.240220, 1.032574, 1.000000
-1.513451, 2.636088, 1.000000
-4.447355, 1.165356, -1.000000
1.315962, -1.941713, -1.000000
-1.795655, -1.645645, -1.000000
4.159929, -2.751690, 1.000000
-4.721182, 0.255951, -1.000000
2.114991, 1.505321, 1.000000
0.774246, -1.820728, -1.000000
-0.508208, 0.974701, 1.000000
0.492878, -1.598342, -1.000000
-0.181532, 1.329178, 1.000000
-0.569090, 0.810274, 1.000000
-0.003817, -0.855027, -1.000000
-1.480548, -4.519876, -1.000000
1.181023, 0.315445, 1.000000
-0.071442, -0.852907, -1.000000
-0.813677, -2.446519, -1.000000
-2.366774, 0.556532, -1.000000
0.910465, 0.828445, 1.000000
1.283911, -1.929264, -1.000000
3.187198, 1.931537, 1.000000
-3.153039, 2.151877, 1.000000
-0.322211, -1.245129, -1.000000
0.093542, -1.704186, -1.000000
2.844510, -3.460313, -1.000000
1.099246, -1.133791, -1.000000
-0.803474, -2.811320, -1.000000
0.386913, -2.068050, -1.000000
-0.228748, -1.012152, -1.000000
3.495068, 2.223482, 1.000000
1.454592, 0.506333, 1.000000
-1.259741, 0.705440, 1.000000
0.753674, -1.515514, -1.000000
-1.021069, 2.092040, 1.000000
-1.383608, -1.273117, -1.000000
0.653175, -1.507626, -1.000000
0.360529, 1.202103, 1.000000
2.001013, -4.376563, -1.000000
1.871421, -2.069249, -1.000000
0.788636, 2.447318, 1.000000
-0.994944, 1.613077, 1.000000
-0.834725, 0.129781, -1.000000
-2.036325, -4.348013, -1.000000
-4.189910, -1.784379, -1.000000
3.768759, 1.352102, 1.000000
1.410362, 0.613057, 1.000000
-3.192169, 0.599246, -1.000000
0.944092, 0.634803, 1.000000
-2.321811, 0.287143, -1.000000
-3.851133, -0.916996, -1.000000
1.064789, -1.924949, -1.000000
-2.174024, -1.199727, -1.000000
-3.380049, -4.429180, -1.000000
-0.522140, -0.675327, -1.000000
0.803013, 1.660413, 1.000000
2.341191, -0.097629, 1.000000
0.283941, 0.083337, 1.000000
0.358834, -2.378499, -1.000000
0.142890, 0.002573, 1.000000
1.072238, -0.637898, 1.000000
2.367091, -2.211725, -1.000000
-0.617980, -0.446259, -1.000000
-0.722982, 4.034112, 1.000000
2.874196, -1.177640, 1.000000
0.943464, 0.247829, 1.000000
-1.646682, 0.996264, 1.000000
-0.122004, 0.340630, 1.000000
-0.964132, -1.970988, -1.000000
-1.141421, -0.948531, -1.000000
1.913701, -1.588618, 1.000000
-0.177866, -2.153645, -1.000000
-1.991301, 1.823394, 1.000000
1.465399, -3.031345, -1.000000
-1.907027, 1.060601, 1.000000
